Step	Mean_DeltaT	Std_DeltaT	N_Replicas
1000	11.019536666666667	3.361343482989106	3
2000	8.892926666666666	3.310319438986717	3
3000	8.434036666666668	4.2481792476346065	3
4000	9.178873333333334	4.096551569678249	3
5000	6.0821499999999995	2.2489174259852223	3
6000	4.674336666666666	2.8801686069105976	3
7000	3.01019	1.517119776649161	3
8000	5.311369999999999	3.2973442127111934	3
9000	3.5879999999999996	4.56556113023361	3
10000	4.5166933333333334	2.4588484181082277	3
11000	4.4018733333333335	1.9078813258778267	3
12000	2.7554363333333334	3.974313037865832	3
13000	1.4528033333333337	6.451582182490845	3
14000	0.6825933333333337	6.8434954439258115	3
15000	1.173896666666667	7.1486404716025085	3
16000	1.5884266666666669	10.944253282564935	3
17000	0.1564966666666665	10.467386124779832	3
18000	1.0794233333333334	9.835136956140131	3
19000	2.292941333333333	10.338060961577144	3
20000	3.7568466666666667	10.207554085564933	3
21000	5.552336666666666	7.69692773050607	3
22000	6.5549463333333335	6.467157403320282	3
23000	7.25801	4.067046960277198	3
24000	8.035706666666666	4.874915072135445	3
25000	7.575610999999999	6.396765952113068	3
26000	7.451586666666667	4.197735780040632	3
27000	6.498466666666666	6.215895046035874	3
28000	6.3884500000000015	8.176213908594857	3
29000	5.205963333333332	8.687773923176945	3
30000	6.217786666666666	10.270657538372767	3
31000	5.682196666666667	9.555760197024272	3
32000	6.615443333333334	10.527945769219812	3
33000	7.928730000000001	8.28915272140042	3
34000	7.517323333333334	8.195790553365388	3
35000	8.772653666666669	8.529935840136217	3
36000	6.557383333333334	9.420869011977256	3
37000	5.4872966666666665	8.861221037816026	3
38000	3.863340000000001	7.812147920495361	3
39000	2.6062566666666664	6.752488060413978	3
40000	1.3665866666666664	5.5660889755494685	3
41000	-0.9047966666666666	4.030371762261309	3
42000	0.08430333333333333	5.674325706639807	3
43000	-0.14475000000000016	6.328199437241213	3
44000	-0.25296666666666656	5.2407588120455735	3
45000	-0.5036090000000001	4.000210241022714	3
46000	-1.568477	5.456103142939749	3
47000	-2.941856666666667	4.862378758553609	3
48000	-2.8646333333333334	4.249748146188587	3
49000	-1.6962033333333337	6.423944001447501	3
50000	-1.8502566666666667	5.349463339198928	3
51000	-1.9305500000000002	5.073836712114414	3
52000	-0.04861333333333325	4.195072204495809	3
53000	0.07236533333333324	4.830260163654266	3
54000	2.078886666666667	5.160294739114553	3
55000	0.013319999999999924	6.796446533866061	3
56000	-1.4296333333333333	5.5045753129767725	3
57000	-1.1233733333333333	6.205844447392582	3
58000	-0.8624966666666669	7.047898097336065	3
59000	-1.8275949999999996	6.473205800341512	3
60000	-0.06997266666666639	4.569222750871458	3
61000	-1.0416233333333333	5.261423201875451	3
62000	-0.6347200000000001	5.641120804512168	3
63000	-0.7412300000000004	7.502653952755652	3
64000	-0.8538333333333332	7.211480384999556	3
65000	-1.1534363333333333	5.445143783614931	3
66000	-0.5094833333333332	7.4815832913183105	3
67000	1.9782400000000002	8.478754037545848	3
68000	1.5066300000000001	8.647276044495168	3
69000	0.8485766666666666	6.960813991153143	3
70000	-0.7400599999999997	8.74770070011543	3
71000	-1.4953133333333337	8.58136633958913	3
72000	-1.0542799999999999	4.387928583591579	3
73000	-0.045423333333333225	5.846202390837434	3
74000	0.24966999999999975	6.997616329672554	3
75000	-1.1579100000000002	8.73173919241751	3
76000	-0.23019333333333325	10.034273183127581	3
77000	-2.64929	9.34545625572128	3
78000	-3.355323333333333	9.326342642436709	3
79000	-3.61788	10.09050896034982	3
80000	-2.054606666666666	10.46106123771548	3
81000	-0.6696399999999999	11.187805458949489	3
82000	1.3853599999999997	9.500353880335194	3
83000	0.9145933333333334	7.574313078460206	3
84000	0.31437333333333317	5.971454563256203	3
85000	1.6192433333333334	6.105385031235404	3
86000	2.5462356666666666	5.866446132226592	3
87000	1.0223233333333337	6.462282327152949	3
88000	0.1695500000000001	6.4009144129803826	3
89000	0.34062566666666666	4.47409006666119	3
90000	0.38602700000000006	3.1716279259927385	3
91000	2.5036503333333333	1.8116846565090552	3
92000	2.058725	4.653069176335013	3
93000	-1.4691133333333335	5.220316741083182	3
94000	0.2367566666666668	5.136827543069101	3
95000	-0.3028466666666665	5.053846626257403	3
96000	-0.48863666666666666	3.42308676086852	3
97000	-2.48174	2.837603900177049	3
98000	-3.8461999999999996	4.774925052909208	3
99000	-1.5247433333333333	4.218794740886707	3
100000	-1.2005726666666667	3.659615051802762	3
101000	-0.16784666666666656	4.804850236764235	3
102000	-4.558973333333333	7.167754881197691	3
103000	-15.856066666666665	20.381780620358796	3
104000	-11288.790443333333	19546.37493609433	3
105000	100436.88137999999	173962.9557171112	3
106000	50056.10672	86702.04091175296	3
107000	227445.26711666666	393949.5287105266	3
108000	-345417.90112999995	598278.1473748236	3
109000	-849873.0318886666	1472024.0543900253	3
110000	-619433.6600966667	1072889.7222534535	3
111000	-0.8689755	1.0038858612115722	2
112000	1.4573330000000002	1.0592134313055137	2
113000	0.6413035	0.5257572263359772	2
114000	0.5254075	0.17654122873850175	2
115000	0.5150645	1.0637509355203878	2
116000	0.9916100000000001	2.753275816041684	2
117000	0.19802699999999998	0.9414278263361456	2
118000	-0.6316600000000001	4.813120296044968	2
119000	-1.2745065	2.295273561479002	2
120000	-2.71534	0.8267351064276875	2
121000	-1.0473750000000002	0.9850068172606726	2
122000	-1.1752599999999997	3.3135165187757853	2
123000	-2.444495	5.2428927265823395	2
124000	-3.6748149999999997	3.5086567771798367	2
125000	-0.8748199999999999	3.691450951184371	2
126000	2.3195585	3.6290155437259424	2
127000	2.3684165000000004	2.4502289415082217	2
128000	1.6555499999999999	5.823278901512446	2
129000	1.511876	3.388687626470165	2
130000	1.1315350000000002	4.571579690659455	2
131000	1.756105	6.438101176686338	2
132000	1.780695	7.381480617738558	2
133000	-0.8298649999999999	7.108395978844313	2
134000	-2.012545	4.47835473262782	2
135000	-4.5794749999999995	2.063684069825127	2
136000	-3.717675	1.165375615005737	2
137000	-2.78891	0.48870978074927035	2
138000	-2.08485	1.409744647515996	2
139000	-2.95734	2.5857056510360956	2
140000	-4.304355	1.3163429127890651	2
141000	-2.5810500000000003	0.7766436620484325	2
142000	-2.81567	1.4738509482983684	2
143000	-1.951433	1.6929083864692738	2
144000	-0.8707990800000001	1.2434344336573975	2
145000	-2.1693015	3.868692215636248	2
146000	-3.6168699999999996	1.5233625651170506	2
147000	-1.673655	3.8215515278548837	2
148000	-1.0315349999999999	3.477869347926975	2
149000	0.9641440000000001	2.719654302809826	2
150000	0.4884651385	0.6920508677329451	2
151000	-0.5680949999999999	3.047396881676228	2
152000	0.11489499999999986	2.9320253392578315	2
153000	-0.5810699999999998	6.017704982067499	2
154000	-1.9727250000000003	6.443362051138365	2
155000	1.259797	2.0378718438846932	2
156000	-0.26436950000000004	0.6106948928921053	2
157000	-0.3271655	1.0315903048984612	2
158000	-0.974	3.507108213329038	2
159000	-1.9822950000000001	1.358769319660258	2
160000	1.8378700000000001	0.8531101893659461	2
161000	-0.8488105	0.24301775145141152	2
162000	-0.9812675	0.2653099998350987	2
163000	-0.293106	1.7343688854773656	2
164000	-0.719381	1.6159072864251836	2
165000	0.4792225	0.452277518062196	2
166000	-0.7048105	0.6153801824242474	2
167000	-0.1870050000000001	1.6909822275973216	2
168000	0.7788650000000001	3.204572576998374	2
169000	-0.23130000000000006	4.200935529164902	2
170000	-0.52138	5.0067827012763395	2
171000	-0.5550050000000002	5.5933914158808875	2
172000	-1.493532	3.361314108756871	2
173000	-1.2806265000000001	3.017328580019833	2
174000	-3.701985	2.048566126843359	2
175000	-3.525895	1.2740579272741093	2
176000	-4.251895	2.961412697083944	2
177000	-5.690625	2.841006554383499	2
178000	-7.235110000000001	3.7563209272904254	2
179000	-10.48141	2.652060551382641	2
180000	-11.358385	2.5028963758913383	2
181000	-9.925445	3.208786933414246	2
182000	-9.74431	3.282234114776093	2
183000	-6.079055	6.7621257880972605	2
184000	-7.682925000000001	4.394209025666622	2
185000	-6.054105	6.778035690673958	2
186000	-3.02236	8.83469111909409	2
187000	-5.880095	6.043931572581708	2
188000	-5.7842199999999995	0.9863573912127388	2
189000	-6.590895	1.9610404494680882	2
190000	-5.26887	2.0752594078331508	2
191000	-2.61937	1.3468262861260172	2
192000	-5.0128699999999995	1.5132650802817067	2
193000	-6.483365	3.260250164949003	2
194000	-3.25718	0.47903655998263844	2
195000	-4.77505	4.746312847358463	2
196000	-4.0811995	6.478201909354207	2
197000	-3.8729155	4.944945506154795	2
198000	-3.247935	4.283023555392849	2
199000	-4.33281	3.9748452069483156	2
200000	-1.594182	3.0624766408918123	2
