Step	Mean_DeltaT	Std_DeltaT	N_Replicas
1000	-1.6385233333333329	10.041680003427382	3
2000	-2.1809113333333334	8.022207642487531	3
3000	-1.9660366666666664	6.043229220229309	3
4000	-8.33197	3.323431015516946	3
5000	-3.285883333333333	6.781928258764858	3
6000	-2.9612433333333334	8.26290548775873	3
7000	-4.428866666666666	11.668234047551211	3
8000	-8.838693333333334	3.0782935990794216	3
9000	-11.26422	3.000068741412437	3
10000	-4.054453333333334	1.1122858696546194	3
11000	-1.8068433333333334	9.645500833519913	3
12000	-2.1295033333333335	4.4033694030178	3
13000	-4.5443299999999995	2.793353707302389	3
14000	-3.962334666666667	3.393595353636808	3
15000	-0.36782833333333337	1.528311989273896	3
16000	-4.691286666666667	3.2597195654585587	3
17000	-7.007903333333334	4.494071210676721	3
18000	-13.699406666666667	9.980455620984111	3
19000	-5.504069666666666	8.612405547824041	3
20000	-1.5860893333333335	2.6578571795366157	3
21000	-6.470646666666666	3.931378239578753	3
22000	-8.709470000000001	4.915091877137191	3
23000	1.5403033333333334	4.600161542612752	3
24000	7.995001666666668	7.798291232059005	3
25000	1.2771066666666666	10.664989881764226	3
26000	-3.01278	8.320175836597446	3
27000	-0.5218966666666667	11.22870055158803	3
28000	2.03965	10.395570582555823	3
29000	3.18826	10.263256775877723	3
30000	1.5572423333333332	3.9239317978497454	3
31000	-2.96752	4.08901720529518	3
32000	-0.06415666666666642	6.354596320430852	3
33000	5.777138666666667	5.873969228011442	3
34000	-0.96609	14.148422961598936	3
35000	-6.819896666666666	9.93658832950391	3
36000	-2.0863533333333337	5.708138227279831	3
37000	3.3670666666666675	7.477009983504993	3
38000	3.2970046666666666	4.557817364339245	3
39000	-2.72876962	3.504185647818624	3
40000	-5.29857	2.540115356100978	3
41000	-4.1985166666666665	7.848925620480381	3
42000	-0.7639166666666665	1.8451754235392723	3
43000	-4.67153	10.789396745133622	3
44000	-0.8953863333333335	5.546835213843146	3
45000	-0.8200403333333334	3.884926054314333	3
46000	0.930786	1.805853971849053	3
47000	0.46356333333333355	5.795217189047649	3
48000	-1.9046433333333332	7.676409862861241	3
49000	-0.6990090000000002	6.067581525693165	3
50000	4.102556666666667	4.320502255089486	3
51000	-1.11571	5.013325431657115	3
52000	-0.04155333333333341	8.449320721598472	3
53000	2.0170166666666667	3.356112561555904	3
54000	-1.927507	2.346126247844945	3
55000	2.4628	2.4111513399411493	3
56000	1.28156	6.960637776296078	3
57000	-3.9208979999999998	3.148304118812539	3
58000	-4.724814566666667	6.200679406161438	3
59000	-4.337186533333333	5.276003813051698	3
60000	-7.64582	3.898051641679469	3
61000	-0.0059666666666669714	7.78929115299546	3
62000	-1.48769	8.77856333873032	3
63000	-0.031087666666666774	8.68419254785765	3
64000	-3.03075	4.624924673883889	3
65000	2.008276666666667	6.835614910601191	3
66000	2.896653333333333	10.35360460482403	3
67000	2.6082769999999997	1.8285980439197127	3
68000	2.845450000000001	7.503779949632052	3
69000	-4.90114	8.530625544425215	3
70000	-2.25536	7.212134903986476	3
71000	8.199774	8.68944565943927	3
72000	6.316933333333334	2.351498286249287	3
73000	2.6514566666666664	1.2619768177083655	3
74000	4.179083333333333	6.191198447411724	3
75000	4.811369666666667	10.181442624250767	3
76000	6.213556666666666	4.0758463620005765	3
77000	5.288156666666667	0.931133984039533	3
78000	5.090190666666666	4.098640614294126	3
79000	4.408516666666667	11.224529228410132	3
80000	2.1082	14.502938349176006	3
81000	1.0937133333333329	13.330065824208571	3
82000	1.4435100000000005	5.563006630411293	3
83000	-2.163836666666667	5.672388050163118	3
84000	1.3245366666666667	4.118904624160814	3
85000	-0.8485456666666668	2.340133227593321	3
86000	2.970057666666667	3.7778437009763035	3
87000	2.573573333333333	9.740359923952159	3
88000	5.987294666666667	4.919867563518894	3
89000	7.844879999999999	4.458235528681723	3
90000	3.888083333333333	6.717678972370839	3
91000	0.5432933333333332	4.522941023629794	3
92000	-1.7863373333333332	6.4852573385395695	3
93000	-4.769173333333334	9.693996137245637	3
94000	-4.301723333333333	5.787109257084519	3
95000	-3.9901200000000006	9.363043052998314	3
96000	3.9430599999999996	7.024077512691614	3
97000	-1.9886103333333331	7.86286381144684	3
98000	-1.78739	5.414110410843133	3
99000	0.8008500000000001	6.267684651639711	3
100000	0.3153733333333335	4.744975850437316	3
101000	-2.2098856666666666	2.9032334468530663	3
102000	1.729406666666667	15.02310321195103	3
103000	0.8415433333333334	5.226778574995628	3
104000	3.9161233333333327	7.718038371745332	3
105000	3.6007166666666666	8.89812934049811	3
106000	0.36801433333333344	3.8480323786717716	3
107000	-0.044913333333333284	5.167039564899164	3
108000	-8.208198000000001	6.527297398526591	3
109000	2.001043333333333	6.096352766837999	3
110000	3.755096666666667	3.987096534601757	3
111000	8.003893333333332	6.033479787041085	3
112000	4.039154333333333	3.278076897468443	3
113000	2.06567	0.6490086493260318	3
114000	0.9666499999999996	14.62022816673871	3
115000	9.343108366666666	15.591267221461319	3
116000	13.080066666666665	6.85554033780951	3
117000	6.2289	16.699607837012223	3
118000	-0.2793533333333335	9.217716064651446	3
119000	-1.2566966666666668	6.8014448772619875	3
120000	2.8636433333333335	4.356007212222373	3
121000	2.0235966666666667	6.200278821870298	3
122000	-7.313595	6.501150538579691	3
123000	-0.5177993333333334	2.301756353874435	3
124000	0.09985566666666672	3.09122282933572	3
125000	0.045973333333333276	1.8409504113183854	3
126000	2.17291	5.86863487918613	3
127000	12.349823333333333	16.332459324395494	3
128000	15.10866	34.136418654621636	3
129000	-1317.9017666666666	2276.4015737386717	3
130000	-87762.96803	152006.53861173434	3
131000	-4.107844999999999	11.625903213946433	2
132000	-0.7261415	0.26850046563181235	2
133000	10.881139999999998	4.072737069735782	2
134000	4.2997425	7.033828033234285	2
135000	5.675345	5.684084931635874	2
136000	0.6060349999999999	5.728236679053163	2
137000	-2.410205	1.3250968947401545	2
138000	-1.6011349999999998	10.869298958076827	2
139000	-5.6790199999999995	4.795470910786551	2
140000	-3.1920319999999998	5.298390709410547	2
141000	-10.81595	0.854538545063942	2
142000	-3.90583	1.3143418005983072	2
143000	-7.905435000000001	5.459521960066651	2
144000	-8.221440000000001	7.215685290753748	2
145000	-6.9939599999999995	4.2268439216275775	2
146000	3.965955	4.000605106986942	2
147000	-0.27498500000000003	9.624281906306049	2
148000	-4.487589999999999	10.977139813275587	2
149000	3.132575	1.9716894775927571	2
150000	-2.1629	1.472507445414114	2
151000	-8.35817	1.407043499611863	2
152000	-6.458490500000001	9.78849260699422	2
153000	4.86085	14.86585941427538	2
154000	-3.109864999999999	15.870354094425556	2
155000	-8.556645	20.76723825976988	2
156000	-1.5343750000000007	13.703906196090587	2
157000	2.999675	2.617843654241024	2
158000	4.96956	2.050157117101029	2
159000	0.9970030000000001	0.35784835718220087	2
160000	5.1596815	5.911071158144224	2
161000	4.40261	18.87846412333906	2
162000	3.3682149999999997	9.960002063877798	2
163000	2.23441	7.3498234471448365	2
164000	-1.3925049999999999	0.14418614375174876	2
165000	2.75904	6.935444731233895	2
166000	4.498927	5.961140682213263	2
167000	0.566902	0.6596429456061816	2
168000	1.1418949999999999	7.486245558439156	2
169000	-0.9109150000000001	7.990059140034572	2
170000	-4.638605	10.903579494828751	2
171000	-9.339955	0.23889602602387475	2
172000	-1.3492899999999999	11.257366230659816	2
173000	-4.97668	11.468310325623387	2
174000	-0.8659249999999998	11.230602238991905	2
175000	-3.6773900000000004	11.060436992099362	2
176000	-2.6312	5.461706920020517	2
177000	-1.1377000000000006	22.89371341176437	2
178000	1.2244199999999998	9.537074426982311	2
179000	3.87505	8.555765778187245	2
180000	9.15709	9.657961402293964	2
181000	-3.577115	15.327508218508642	2
182000	2.5311199999999996	7.160644098906187	2
183000	-5.62612	4.122757803436917	2
184000	-4.145351	5.250421999588414	2
185000	0.7160789999999999	1.932085840992061	2
186000	6.271333500000001	7.716326084221979	2
187000	0.4016250000000001	9.602290885411147	2
188000	-9.043555	1.6764723964473731	2
189000	2.56616	6.114762458853164	2
190000	4.906765	13.707738714844618	2
191000	1.0779750000000001	6.613633364048086	2
192000	-6.651155	0.8320313362187747	2
193000	-1.170585	0.011561195872400114	2
194000	-0.5478071	0.7307423910331328	2
195000	1.010625	7.057498432734505	2
196000	-3.9195750000000005	11.885227554878789	2
197000	-5.255415	1.6895680140349485	2
198000	2.0749805	2.2686382632452666	2
199000	6.6543	7.671825733161566	2
200000	-1.959363	2.1225747509894677	2
