Step	Mean_DeltaT	Std_DeltaT	N_Replicas
1000	17.43255	2.1954958449061106	2
2000	15.557500000000001	3.074500284599109	2
3000	14.52185	2.536604156150503	2
4000	16.2331	0.9357851142222766	2
5000	16.847450000000002	2.9040168396550317	2
6000	17.9924	4.609487685198865	2
7000	16.136	0.6211225965942628	2
8000	19.0265	1.8821768301623518	2
9000	20.817700000000002	0.7140364276421771	2
10000	19.823999999999998	2.3105421182051615	2
11000	17.89035	1.667428500715998	2
12000	20.475450000000002	2.2376394090648297	2
13000	17.28575	2.890157546743775	2
14000	18.85245	1.6568218989981993	2
15000	14.466000000000001	1.417324832210315	2
16000	12.8384	3.2449130188650654	2
17000	11.04115	0.5838580692257331	2
18000	10.922365	1.6081517392491291	2
19000	9.721485	1.020234877099387	2
20000	9.826415	2.389009757713434	2
21000	13.064499999999999	1.4129407701669585	2
22000	11.448550000000001	0.8737718495122164	2
23000	7.780805	0.9414490395395813	2
24000	7.48657	3.859572659479285	2
25000	9.80235	2.5100169411778874	2
26000	11.244645	7.912178399154686	2
27000	8.8036955	11.502936637591311	2
28000	10.529160000000001	8.967867610262765	2
29000	11.857235000000001	6.830177744718656	2
30000	10.42419	3.3866313599504743	2
31000	6.514010000000001	1.3068323265821058	2
32000	4.690175	0.3969202494834447	2
33000	3.266285	2.362252837113335	2
34000	5.248465	0.2943614819401479	2
35000	5.105115	0.9464129291435107	2
36000	6.322345	4.018537334957833	2
37000	5.8071850000000005	3.9959806286379824	2
38000	7.985255	2.180003135330314	2
39000	7.74756	1.9580635299192923	2
40000	5.595420000000001	1.8805222002943758	2
41000	4.859835	1.2563519734731985	2
42000	6.039245	3.0827522207355553	2
43000	6.873844999999999	3.9454932044612616	2
44000	4.1667950000000005	2.526471315976099	2
45000	3.843595	1.1452513560131679	2
46000	2.92114	0.48057805276562515	2
47000	1.5541917	2.2893689370133816	2
48000	0.364894	1.5188172827275834	2
49000	1.552672	2.363869283215127	2
50000	0.4614999999999999	2.9361477717921485	2
51000	0.8029235	1.7705904303436468	2
52000	1.8468694999999997	3.6832633617650123	2
53000	3.3118499999999997	0.468330963315474	2
54000	2.2627715	2.866184505541208	2
55000	0.5323399999999998	4.967863544039832	2
56000	-0.8469150000000001	3.2434068814211394	2
57000	2.246115	5.890446974657356	2
58000	1.720685	7.196430773102038	2
59000	2.3267999999999995	10.025289232984752	2
60000	2.3647599999999995	8.81585379444328	2
61000	0.7797350000000001	7.784913320676732	2
62000	4.048085	7.780359553005889	2
63000	3.6007800000000003	6.6802074674968	2
64000	4.956284999999999	4.239607199027994	2
65000	7.53388	3.8939239069093277	2
66000	4.886368500000001	8.187351124373775	2
67000	2.309	9.433836836929077	2
68000	2.4108349999999996	7.008326227170793	2
69000	3.48517	10.109265234318466	2
70000	1.6264949999999998	7.719364522060738	2
71000	1.516365	8.283296322192633	2
72000	4.436789	6.067939262016554	2
73000	4.91517	5.6464597798089375	2
74000	4.218075	0.6192770478953663	2
75000	3.512705	2.9839269769969237	2
76000	5.75567	3.1130658884450235	2
77000	5.2712900000000005	3.088105019069138	2
78000	4.7984100000000005	4.402998362956771	2
79000	5.4756800000000005	0.5279824913763717	2
80000	4.6199200000000005	0.17635243122792532	2
81000	2.1407749999999997	1.0660129701134033	2
82000	3.5957549999999996	1.9447062828226784	2
83000	4.255526	5.150571451017061	2
84000	5.72435	5.866454841571697	2
85000	6.91863	4.993969926401239	2
86000	4.291144	5.035061315669552	2
87000	5.723095	3.4123629757178526	2
88000	3.7890284999999997	4.073983698991013	2
89000	0.749385	4.496781935345543	2
90000	-0.6367750000000001	5.246300981267659	2
91000	-1.705445	6.4482976564710475	2
92000	-3.55212	7.704861761978601	2
93000	-2.632955	6.248257148073374	2
94000	0.06644499999999998	2.7847915652791686	2
95000	-0.502875	4.6022964092341985	2
96000	0.40037500000000015	5.632041872540544	2
97000	4.0568859999999995	5.320800337519911	2
98000	4.4437	3.3836756536051147	2
99000	4.47975595	6.474643111635174	2
100000	5.404904999999999	9.309053703253086	2
101000	5.79067	6.247896523614968	2
102000	3.237076	3.5115262164978924	2
103000	6.5613	2.0344169201518163	2
104000	6.671825	5.135681196418836	2
105000	5.574234	6.523577658609729	2
106000	4.834925	3.576920865835586	2
107000	4.4266950000000005	0.08017883791874254	2
108000	5.33347	2.9600196967250065	2
109000	7.466330000000001	4.785656268663683	2
110000	5.935105	6.6285533171311215	2
111000	4.861055	8.781057069741092	2
112000	3.2764749999999996	6.325303502951459	2
113000	3.7169550000000005	7.99270371939621	2
114000	5.0994575	7.435712172321661	2
115000	3.2679275	5.064316444527583	2
116000	3.3831949999999997	2.912636471317696	2
117000	5.365325	0.010514677836244076	2
118000	4.9486550000000005	1.2458160824335187	2
119000	5.17014	1.4948095932927374	2
120000	6.856439999999999	3.7283053566198134	2
121000	9.075835	6.041187998270704	2
122000	12.03894	7.877961502013069	2
123000	8.75601	6.145309471800424	2
124000	6.702965	7.640338268195329	2
125000	5.697125000000001	11.505440502703493	2
126000	5.593430000000001	11.503453532648361	2
127000	6.7324	10.32969870228556	2
128000	6.991155	11.71357031267794	2
129000	8.411395	14.445350082571556	2
130000	6.991055	13.188595058233082	2
131000	7.26307	11.91040762735684	2
132000	8.1390225	10.130262770185801	2
133000	5.206315	11.692979363209789	2
134000	7.729145000000001	7.887995347238106	2
135000	5.6191095	9.354726437356707	2
136000	8.373165	9.213368013622922	2
137000	7.09397	6.5668016819301	2
138000	6.94369	6.720639833245046	2
139000	4.9536725	5.596350657760153	2
140000	4.837318	6.289067108842773	2
141000	4.190149	6.884039482455196	2
142000	0.9259949999999999	9.487103190755859	2
143000	1.0264849999999996	12.479084113990497	2
144000	0.6728899999999998	12.170877481274719	2
145000	3.5878699999999997	9.135154932555878	2
146000	2.441635	10.243735730896713	2
147000	4.040875	10.864731048270363	2
148000	4.748235	9.843442582067008	2
149000	3.77254	10.27109369226082	2
150000	3.1096749999999997	9.268366779063612	2
151000	2.9114785000000003	4.941646145913779	2
152000	4.35332	4.131851196642977	2
153000	5.839214999999999	5.611592344428629	2
154000	4.6595249999999995	7.789028682143235	2
155000	6.426215	10.650138282315869	2
156000	4.001925	8.374315107066966	2
157000	4.604786	5.566590654660355	2
158000	5.3121605	6.901418045816418	2
159000	5.1629405	8.495123593525907	2
160000	4.824484	6.401050195565724	2
161000	4.5428655	6.658307663376671	2
162000	7.023540000000001	6.3141241447409	2
163000	7.13584	4.718608403671574	2
164000	7.81177	6.351841220449391	2
165000	5.355525	4.527456227513415	2
166000	5.338205	4.034800790925123	2
167000	5.243145	1.4791754623607032	2
168000	6.099165	1.3149852677691864	2
169000	3.45176	1.0526274387455423	2
170000	2.6771450000000003	0.33849908722181216	2
171000	5.39684	0.9344698956092704	2
172000	5.70307	0.9009954605878985	2
173000	4.365895	0.3219669306776707	2
174000	4.75014	1.1279343109419095	2
175000	3.77705	0.5193699307815193	2
176000	4.39292	3.4247868418633	2
177000	7.08338	2.642175198581653	2
178000	7.37951	4.3457227136806615	2
179000	8.339725	3.305406003995576	2
180000	5.626455	4.160962782824427	2
181000	6.262085	7.112242639733967	2
182000	8.3497	5.8459346027816625	2
183000	10.311525	2.71751742611708	2
184000	10.362785	4.716706286430182	2
185000	9.847815	4.676358773495678	2
186000	9.049835	4.936828627413553	2
187000	9.570815	3.844659777464061	2
188000	9.11047	4.980336907659962	2
189000	8.654685	4.670602924296819	2
190000	7.54751	5.528288094537042	2
191000	7.22788	7.696037069349393	2
192000	6.67269	7.754995632764728	2
193000	4.7835955	7.368553998671686	2
194000	4.616483	5.954032844848776	2
195000	0.9197950000000001	7.181510820019001	2
196000	2.018195	5.053105266511871	2
197000	1.76675	4.784256197236933	2
198000	3.1568400000000003	2.9454957234394357	2
199000	2.747113	4.080369580331909	2
200000	2.678148	4.464151785820908	2
