Step	Mean_DeltaT	Std_DeltaT	N_Replicas
1000	21.481016666666665	12.742056253832558	3
2000	19.927000000000003	10.62397696345394	3
3000	18.03264666666667	9.190923766114771	3
4000	16.090876666666666	6.632061285726582	3
5000	10.709769999999999	12.34769727316393	3
6000	13.784403333333335	14.592635786588842	3
7000	11.578890000000001	15.639334989452076	3
8000	10.09158	12.155743328451782	3
9000	11.751784333333333	9.39409975269245	3
10000	12.201192133333334	11.228306177069882	3
11000	8.278851333333334	10.36193141997308	3
12000	4.0004333333333335	7.672464205249401	3
13000	3.051066666666667	3.6233741608386696	3
14000	4.563400666666667	6.849018568857974	3
15000	7.192140433333333	7.764284594420312	3
16000	7.132983333333333	12.74661269654936	3
17000	5.9941233333333335	14.091137378779376	3
18000	0.7480566666666663	10.60985503593868	3
19000	3.11299	9.403553511290292	3
20000	3.7684466666666663	8.348488344019731	3
21000	0.91769	7.791928631237583	3
22000	2.1852533333333333	5.816789608627197	3
23000	-0.6162863333333334	9.671756861784228	3
24000	0.9917300000000003	9.317520900309267	3
25000	-5.932443333333334	9.175183777104051	3
26000	-7.283	10.014335405307733	3
27000	-6.172960000000001	14.007428184388454	3
28000	-2.317623333333333	11.113940809336414	3
29000	-2.800146666666667	4.806418753878332	3
30000	-6.406846666666667	5.268962208303769	3
31000	-3.1506066666666666	1.4438063354319142	3
32000	-5.816023333333334	6.486933028745814	3
33000	-4.523753333333333	5.0129933076888635	3
34000	-3.9683833333333336	6.11380253790007	3
35000	-2.795526666666667	5.363293937631363	3
36000	0.23103666666666692	10.023222101830996	3
37000	2.0000736666666667	5.903414909381715	3
38000	0.5297033333333332	6.353042047974603	3
39000	0.31470099999999984	6.623593879734249	3
40000	2.8583533333333335	7.632564374588225	3
41000	1.1385733333333334	5.518210987497065	3
42000	1.2297	4.988646898899541	3
43000	-0.26632666666666643	4.853054382472273	3
44000	-2.8543633333333336	10.191070742617448	3
45000	-3.44538	7.993722204649096	3
46000	-3.9167270000000003	5.462024472450395	3
47000	-4.8463199999999995	7.3229273927030025	3
48000	-3.28228	10.849064047207023	3
49000	-4.753503333333334	12.345865547503477	3
50000	-3.3794666666666657	15.774911444865017	3
51000	-2.2162066666666664	15.681439876240105	3
52000	-1.5849099999999996	15.684305358009961	3
53000	-1.81635	12.700967819127012	3
54000	-2.189013333333333	10.548303991549226	3
55000	-2.559253333333334	5.223084914199015	3
56000	1.5386126666666666	5.729651257956398	3
57000	-0.1995	2.2658500169472826	3
58000	-0.8334053333333332	1.5644884068043885	3
59000	0.10088333333333328	6.545549547748709	3
60000	-5.564430000000001	6.230550882249498	3
61000	-2.3979266666666668	13.021785315237437	3
62000	-5.960703333333332	13.882226321906488	3
63000	-8.215560000000002	14.220636921221216	3
64000	-8.216633333333332	21.161702605493097	3
65000	-7.010643333333334	19.168141163833113	3
66000	-8.957896666666667	22.555485515214105	3
67000	-7.202013333333334	22.370985534449154	3
68000	-4.454355666666666	20.930071746257735	3
69000	-4.302786	16.76996745594421	3
70000	-6.32472	11.928698565723757	3
71000	-7.312066666666667	13.906386238305528	3
72000	-10.092336666666666	15.297626714593125	3
73000	-8.772173333333335	14.649436716018583	3
74000	-5.020236666666667	13.734543540905658	3
75000	-3.2783666666666664	14.508097868546837	3
76000	0.35698333333333326	14.383917375785824	3
77000	-2.6603333333333326	16.28158048112447	3
78000	-0.6903499999999999	16.079393280764666	3
79000	1.3274733333333337	16.355958482587724	3
80000	3.6861866666666665	17.489108002697943	3
81000	2.0812000000000004	15.573247464292733	3
82000	-1.3984933333333334	17.10807618594602	3
83000	-0.8714000000000001	20.616869817457744	3
84000	-1.799400000000001	20.508905432275025	3
85000	-2.6134533333333336	16.89578866317087	3
86000	-4.523400000000001	16.602604712815396	3
87000	-10.097766666666667	18.727535686879182	3
88000	-7.959533333333334	21.36167732513843	3
89000	-4.760733333333332	20.100411442140516	3
90000	-3.6190399999999996	20.207041746549642	3
91000	-3.1157000000000004	18.234640851138252	3
92000	-5.699266666666666	18.945162000451024	3
93000	-7.0132	18.6592511521765	3
94000	-5.8018833333333335	17.727253663662438	3
95000	-5.023933333333333	20.81401446533881	3
96000	-3.9807666666666677	23.880854920696063	3
97000	-3.1661999999999986	24.23050191783076	3
98000	-2.736433333333334	24.016812026647777	3
99000	-3.090766666666667	22.85484360093793	3
100000	-2.297433333333334	20.709495799109483	3
101000	-0.8992166666666664	12.743143505871435	3
102000	-0.9229733333333332	14.401347398092074	3
103000	3.23784	13.162664321906867	3
104000	4.4793400000000005	14.98693011645814	3
105000	6.37172	13.203050529173172	3
106000	8.15293	14.785883307624879	3
107000	3.5111966666666667	9.938683308921425	3
108000	4.735106666666667	8.44820396953893	3
109000	3.4746333333333337	13.613448927561793	3
110000	3.1609300000000005	17.265877975003182	3
111000	5.139993333333334	13.114435770254598	3
112000	5.054273333333334	9.799763429727951	3
113000	6.505269999999999	11.761298794253124	3
114000	8.847343333333335	14.001464393470897	3
115000	10.00936	10.958345266088307	3
116000	9.95281	12.169914229167764	3
117000	9.162716666666666	13.02558224133698	3
118000	9.68595	13.489434308283652	3
119000	7.498223333333333	12.973612226655817	3
120000	8.002966666666666	12.893458747106354	3
121000	7.788966666666667	16.946273685484176	3
122000	11.496853333333334	12.52474033625182	3
123000	11.860884666666665	9.773193612197874	3
124000	16.79787333333333	9.244480178145947	3
125000	14.777733333333336	8.738617731273829	3
126000	14.312122666666667	12.805771096686891	3
127000	12.6728	10.586997615943815	3
128000	8.865663333333332	11.257002790540355	3
129000	11.861736666666667	8.442201897789067	3
130000	8.246156666666666	12.833210055073257	3
131000	8.777026666666666	13.668792520780075	3
132000	10.667183333333332	15.29646391166381	3
133000	11.638466666666668	8.964135101800583	3
134000	12.519679333333334	10.5074997655047	3
135000	7.44362	10.46107210924865	3
136000	7.062386333333333	8.539259591948843	3
137000	6.577256666666667	3.4125837597681516	3
138000	4.31505	7.391717051734326	3
139000	6.100176666666666	10.28509922089395	3
140000	8.552846666666667	11.742917994712103	3
141000	10.059769999999999	12.100376636563839	3
142000	8.46936	10.562196752891891	3
143000	8.038456666666667	12.881873378108999	3
144000	4.302666666666667	15.431136379843624	3
145000	3.717799999999999	17.208764091590076	3
146000	1.7498100000000008	15.976491186405731	3
147000	1.0685499999999994	17.72347904497026	3
148000	2.5610033333333333	18.280702818273518	3
149000	3.47551	17.36299446513475	3
150000	3.4108700000000005	9.377969826742886	3
151000	1.8746833333333337	11.596107790799175	3
152000	3.7605133333333334	14.07352381553864	3
153000	5.391933333333334	18.10190373754466	3
154000	5.759576666666667	13.269980124575671	3
155000	5.723856666666666	12.239616008945433	3
156000	2.2947366666666666	15.660131985108979	3
157000	0.18984299999999976	12.426227178812038	3
158000	-1.2981433333333336	8.402036079465104	3
159000	-1.341987333333333	8.03950432068553	3
160000	3.995153333333333	6.62573112313904	3
161000	2.4855433333333337	7.140503979484454	3
162000	1.8967166666666664	12.335569200925969	3
163000	1.5178699999999996	11.73699818302363	3
164000	1.1872866666666664	11.615232365206188	3
165000	-0.16744333333333353	11.521370977519704	3
166000	0.8813933333333335	11.777449212950712	3
167000	-1.0389066666666664	11.789661146234582	3
168000	-1.023596666666667	13.087685650000665	3
169000	-0.9541800000000009	13.560058487440237	3
170000	0.78491	11.627735905080575	3
171000	1.6645900000000005	11.113025437013091	3
172000	-0.44799266666666665	11.380604613154844	3
173000	0.15626666666666664	12.352730533907607	3
174000	1.955393333333334	11.135856964734836	3
175000	4.707786666666666	12.798445127582228	3
176000	2.5437033333333328	12.484454726700454	3
177000	3.5464599999999997	13.47241114638356	3
178000	2.3117000000000005	12.062205495264953	3
179000	2.04895	11.830373019482522	3
180000	3.8220899999999998	13.852390706989894	3
181000	4.85243	16.87583010715917	3
182000	6.333434666666666	14.677751823992846	3
183000	6.079134666666666	10.317833563579242	3
184000	5.437185666666667	7.484276518442937	3
185000	4.718013333333333	5.547927138673807	3
186000	5.711851666666667	4.4097911619949	3
187000	3.0752833333333336	4.636714425380684	3
188000	2.5047153333333334	4.692834796172281	3
189000	2.6406799999999997	10.835645761042578	3
190000	1.47171	11.72536241308984	3
191000	6.396106666666667	13.583477685148722	3
192000	7.132233333333333	11.873226579335263	3
193000	6.010173333333333	12.748478590895987	3
194000	3.7581439999999997	12.554304484775253	3
195000	2.879913333333334	13.773163981733948	3
196000	2.1346533333333335	9.69608584607899	3
197000	5.5822433333333334	10.614261399335957	3
198000	4.352496666666667	9.47225746678337	3
199000	1.3822166666666664	9.659273032968542	3
200000	0.9450700000000003	15.04002208504695	3
