! Date  2025-11-10
!
! Number of variables            =  351
! Number of equations            =  184464
! LARS implementation of LASSO used
! LASSO alpha =  1.0000e-03
! RMS force error                =  3.1774e+00
! max abs variable               =  1.4599e+02
! number of fitting vars         =  195
! Bayesian Information Criterion =  4.2887e+05
! Using weighting file:             weights.txt
!
USECOUL: false
FITCOUL: false
USE3BCH: true
USE4BCH: false

PAIRTYP: CHEBYSHEV  8 4 0 -1 1

ATOM TYPES: 3

# TYPEIDX #	# ATM_TYP #	# ATMCHRG #	# ATMMASS #
0		S		0		32.06
1		C		0		12.011
2		Cu		0		63.546

ATOM PAIRS: 6

# PAIRIDX #	# ATM_TY1 #	# ATM_TY1 #	# S_MINIM #	# S_MAXIM #	# CHBDIST #	# MORSE_LAMBDA #
	0               S               S               1               5               MORSE           3.16
	1               C               C               1               5               MORSE           1.42
	2               Cu              Cu              1               5               MORSE           4.35
	3               S               C               1               5               MORSE           1.72
	4               S               Cu              1               5               MORSE           2.28
	5               C               Cu              1               5               MORSE           3.21

FCUT TYPE: TERSOFF 0.5

ATOM PAIR TRIPLETS: 10
ATOM PAIR QUADRUPLETS: 0

PAIR CHEBYSHEV PARAMS

PAIRTYPE PARAMS: 0 S S

  0   8.8799475674318e-01
  1  -9.8734858541280e-01
  2   0.0000000000000e+00
  3   4.7693080241842e+00
  4   4.0356967897122e+00
  5  -3.0227308213025e-01
  6  -1.2720620729305e+00
  7  -8.3686606175090e-01

PAIRTYPE PARAMS: 1 C C

  0   0.0000000000000e+00
  1   1.9201763286032e+01
  2   1.4804315515167e+01
  3   6.8912936305532e+00
  4  -2.0885131680189e+00
  5  -1.1329157593491e+01
  6  -4.8050005195721e+00
  7   4.6884144910933e-01

PAIRTYPE PARAMS: 2 Cu Cu

  0   0.0000000000000e+00
  1  -1.2823798129216e+00
  2   0.0000000000000e+00
  3  -1.8630387476961e+00
  4   0.0000000000000e+00
  5   0.0000000000000e+00
  6   5.5824713307326e-01
  7  -6.9021637694167e-01

PAIRTYPE PARAMS: 3 S C

  0  -4.1358416642713e+00
  1   0.0000000000000e+00
  2  -5.7271111317820e+00
  3  -1.9998587320858e+01
  4  -2.6602383286669e+01
  5  -1.7373582579252e+01
  6  -5.4318654217106e+00
  7   4.0785308719823e-01

PAIRTYPE PARAMS: 4 S Cu

  0   7.3239669638442e+00
  1   0.0000000000000e+00
  2  -7.7913843246434e+00
  3  -1.1296530603027e+01
  4   0.0000000000000e+00
  5   9.3539913405031e+00
  6   7.3803784509164e+00
  7   2.8308630526356e+00

PAIRTYPE PARAMS: 5 C Cu

  0   0.0000000000000e+00
  1   0.0000000000000e+00
  2  -2.1374334692045e-01
  3   2.4376959948858e+00
  4   0.0000000000000e+00
  5   0.0000000000000e+00
  6  -5.0242414795603e-01
  7   5.2485415816596e-01

TRIPLET CHEBYSHEV PARAMS

TRIPLETTYPE PARAMS:
   INDEX: 0 ATOMS: S S S
   PAIRS: SS SS SS UNIQUE: 16 TOTAL: 54
     index  |  powers  |  equiv index  |  param index  |       parameter
   ----------------------------------------------------------------------------
      0       0  1  1         0               0          0.0000000000000e+00
      1       1  0  1         0               0          0.0000000000000e+00
      2       1  1  0         0               0          0.0000000000000e+00
      3       0  1  2         3               1          0.0000000000000e+00
      4       1  0  2         3               1          0.0000000000000e+00
      5       0  2  1         3               1          0.0000000000000e+00
      6       2  0  1         3               1          0.0000000000000e+00
      7       1  2  0         3               1          0.0000000000000e+00
      8       2  1  0         3               1          0.0000000000000e+00
      9       0  1  3         9               2          5.6260234717187e-01
      10      1  0  3         9               2          5.6260234717187e-01
      11      0  3  1         9               2          5.6260234717187e-01
      12      3  0  1         9               2          5.6260234717187e-01
      13      1  3  0         9               2          5.6260234717187e-01
      14      3  1  0         9               2          5.6260234717187e-01
      15      0  2  2         15              3         -1.2796743943789e+00
      16      2  0  2         15              3         -1.2796743943789e+00
      17      2  2  0         15              3         -1.2796743943789e+00
      18      0  2  3         18              4          0.0000000000000e+00
      19      2  0  3         18              4          0.0000000000000e+00
      20      0  3  2         18              4          0.0000000000000e+00
      21      3  0  2         18              4          0.0000000000000e+00
      22      2  3  0         18              4          0.0000000000000e+00
      23      3  2  0         18              4          0.0000000000000e+00
      24      0  3  3         24              5          0.0000000000000e+00
      25      3  0  3         24              5          0.0000000000000e+00
      26      3  3  0         24              5          0.0000000000000e+00
      27      1  1  1         27              6          0.0000000000000e+00
      28      1  1  2         28              7          0.0000000000000e+00
      29      1  2  1         28              7          0.0000000000000e+00
      30      2  1  1         28              7          0.0000000000000e+00
      31      1  1  3         31              8          0.0000000000000e+00
      32      1  3  1         31              8          0.0000000000000e+00
      33      3  1  1         31              8          0.0000000000000e+00
      34      1  2  2         34              9          0.0000000000000e+00
      35      2  1  2         34              9          0.0000000000000e+00
      36      2  2  1         34              9          0.0000000000000e+00
      37      1  2  3         37              10        -7.2560407278651e-01
      38      2  1  3         37              10        -7.2560407278651e-01
      39      1  3  2         37              10        -7.2560407278651e-01
      40      3  1  2         37              10        -7.2560407278651e-01
      41      2  3  1         37              10        -7.2560407278651e-01
      42      3  2  1         37              10        -7.2560407278651e-01
      43      1  3  3         43              11         0.0000000000000e+00
      44      3  1  3         43              11         0.0000000000000e+00
      45      3  3  1         43              11         0.0000000000000e+00
      46      2  2  2         46              12         0.0000000000000e+00
      47      2  2  3         47              13         0.0000000000000e+00
      48      2  3  2         47              13         0.0000000000000e+00
      49      3  2  2         47              13         0.0000000000000e+00
      50      2  3  3         50              14        -2.0835620596736e+00
      51      3  2  3         50              14        -2.0835620596736e+00
      52      3  3  2         50              14        -2.0835620596736e+00
      53      3  3  3         53              15         0.0000000000000e+00

TRIPLETTYPE PARAMS:
   INDEX: 1 ATOMS: C S S
   PAIRS: SC SC SS UNIQUE: 33 TOTAL: 54
     index  |  powers  |  equiv index  |  param index  |       parameter
   ----------------------------------------------------------------------------
      0       0  1  1         0               0          0.0000000000000e+00
      1       1  0  1         0               0          0.0000000000000e+00
      2       0  1  2         2               1         -4.3050806477511e+00
      3       1  0  2         2               1         -4.3050806477511e+00
      4       0  1  3         4               2         -3.2896841284109e-01
      5       1  0  3         4               2         -3.2896841284109e-01
      6       0  2  1         6               3          9.8592223363786e+00
      7       2  0  1         6               3          9.8592223363786e+00
      8       0  2  2         8               4         -4.1726182652191e-01
      9       2  0  2         8               4         -4.1726182652191e-01
      10      0  2  3         10              5          6.5651506662295e+00
      11      2  0  3         10              5          6.5651506662295e+00
      12      0  3  1         12              6          8.4136463759228e+00
      13      3  0  1         12              6          8.4136463759228e+00
      14      0  3  2         14              7          2.9591333419380e+00
      15      3  0  2         14              7          2.9591333419380e+00
      16      0  3  3         16              8          6.5581426796812e+00
      17      3  0  3         16              8          6.5581426796812e+00
      18      1  1  0         18              9          0.0000000000000e+00
      19      1  1  1         19              10         0.0000000000000e+00
      20      1  1  2         20              11        -1.7649495797452e+01
      21      1  1  3         21              12         0.0000000000000e+00
      22      1  2  0         22              13         6.5753342001414e+00
      23      2  1  0         22              13         6.5753342001414e+00
      24      1  2  1         24              14        -6.3889135445149e+00
      25      2  1  1         24              14        -6.3889135445149e+00
      26      1  2  2         26              15        -6.6609453630892e+00
      27      2  1  2         26              15        -6.6609453630892e+00
      28      1  2  3         28              16         0.0000000000000e+00
      29      2  1  3         28              16         0.0000000000000e+00
      30      1  3  0         30              17         0.0000000000000e+00
      31      3  1  0         30              17         0.0000000000000e+00
      32      1  3  1         32              18         0.0000000000000e+00
      33      3  1  1         32              18         0.0000000000000e+00
      34      1  3  2         34              19         0.0000000000000e+00
      35      3  1  2         34              19         0.0000000000000e+00
      36      1  3  3         36              20         8.2827634553668e+00
      37      3  1  3         36              20         8.2827634553668e+00
      38      2  2  0         38              21         9.7331641255875e+00
      39      2  2  1         39              22         0.0000000000000e+00
      40      2  2  2         40              23         0.0000000000000e+00
      41      2  2  3         41              24        -6.7953124687984e-01
      42      2  3  0         42              25         1.4728824577826e+01
      43      3  2  0         42              25         1.4728824577826e+01
      44      2  3  1         44              26         0.0000000000000e+00
      45      3  2  1         44              26         0.0000000000000e+00
      46      2  3  2         46              27         7.8139154310915e+00
      47      3  2  2         46              27         7.8139154310915e+00
      48      2  3  3         48              28        -1.7073055541450e+00
      49      3  2  3         48              28        -1.7073055541450e+00
      50      3  3  0         50              29         1.6317312979460e+00
      51      3  3  1         51              30        -1.7526631683309e+01
      52      3  3  2         52              31         0.0000000000000e+00
      53      3  3  3         53              32        -1.5799329811089e+00

TRIPLETTYPE PARAMS:
   INDEX: 2 ATOMS: Cu S S
   PAIRS: SCu SCu SS UNIQUE: 33 TOTAL: 54
     index  |  powers  |  equiv index  |  param index  |       parameter
   ----------------------------------------------------------------------------
      0       0  1  1         0               0          1.1108149862635e+01
      1       1  0  1         0               0          1.1108149862635e+01
      2       0  1  2         2               1          5.6480674042305e-01
      3       1  0  2         2               1          5.6480674042305e-01
      4       0  1  3         4               2          2.1919927987308e+00
      5       1  0  3         4               2          2.1919927987308e+00
      6       0  2  1         6               3          0.0000000000000e+00
      7       2  0  1         6               3          0.0000000000000e+00
      8       0  2  2         8               4          5.1820284983594e+00
      9       2  0  2         8               4          5.1820284983594e+00
      10      0  2  3         10              5         -5.0184618106615e-01
      11      2  0  3         10              5         -5.0184618106615e-01
      12      0  3  1         12              6         -2.7672305847401e+00
      13      3  0  1         12              6         -2.7672305847401e+00
      14      0  3  2         14              7          2.5710609169313e-01
      15      3  0  2         14              7          2.5710609169313e-01
      16      0  3  3         16              8         -2.9029243079227e-02
      17      3  0  3         16              8         -2.9029243079227e-02
      18      1  1  0         18              9          0.0000000000000e+00
      19      1  1  1         19              10         0.0000000000000e+00
      20      1  1  2         20              11         0.0000000000000e+00
      21      1  1  3         21              12         0.0000000000000e+00
      22      1  2  0         22              13         0.0000000000000e+00
      23      2  1  0         22              13         0.0000000000000e+00
      24      1  2  1         24              14         0.0000000000000e+00
      25      2  1  1         24              14         0.0000000000000e+00
      26      1  2  2         26              15        -7.2196974779197e-02
      27      2  1  2         26              15        -7.2196974779197e-02
      28      1  2  3         28              16         1.2368437540748e+00
      29      2  1  3         28              16         1.2368437540748e+00
      30      1  3  0         30              17         5.6643533187747e+00
      31      3  1  0         30              17         5.6643533187747e+00
      32      1  3  1         32              18         0.0000000000000e+00
      33      3  1  1         32              18         0.0000000000000e+00
      34      1  3  2         34              19         0.0000000000000e+00
      35      3  1  2         34              19         0.0000000000000e+00
      36      1  3  3         36              20         2.2232023680082e+00
      37      3  1  3         36              20         2.2232023680082e+00
      38      2  2  0         38              21         2.4185944830574e+00
      39      2  2  1         39              22         0.0000000000000e+00
      40      2  2  2         40              23         0.0000000000000e+00
      41      2  2  3         41              24        -2.6362067710875e+00
      42      2  3  0         42              25         3.4847940716508e+00
      43      3  2  0         42              25         3.4847940716508e+00
      44      2  3  1         44              26         0.0000000000000e+00
      45      3  2  1         44              26         0.0000000000000e+00
      46      2  3  2         46              27        -5.1010620341644e-01
      47      3  2  2         46              27        -5.1010620341644e-01
      48      2  3  3         48              28         1.4822050366862e+00
      49      3  2  3         48              28         1.4822050366862e+00
      50      3  3  0         50              29         0.0000000000000e+00
      51      3  3  1         51              30         0.0000000000000e+00
      52      3  3  2         52              31        -3.4937488025871e+00
      53      3  3  3         53              32         3.3874666235102e+00

TRIPLETTYPE PARAMS:
   INDEX: 3 ATOMS: C C S
   PAIRS: CC SC SC UNIQUE: 33 TOTAL: 54
     index  |  powers  |  equiv index  |  param index  |       parameter
   ----------------------------------------------------------------------------
      0       0  1  1         0               0          7.6368948202917e+00
      1       0  1  2         1               1         -7.5719615012647e+00
      2       0  2  1         1               1         -7.5719615012647e+00
      3       0  1  3         3               2          7.4378912118719e+00
      4       0  3  1         3               2          7.4378912118719e+00
      5       0  2  2         5               3         -4.4280771560300e+00
      6       0  2  3         6               4          0.0000000000000e+00
      7       0  3  2         6               4          0.0000000000000e+00
      8       0  3  3         8               5          1.1977803019054e+01
      9       1  0  1         9               6         -6.3809345277788e+00
      10      1  1  0         9               6         -6.3809345277788e+00
      11      1  0  2         11              7          7.0745256413357e+00
      12      1  2  0         11              7          7.0745256413357e+00
      13      1  0  3         13              8          6.3928310620307e+00
      14      1  3  0         13              8          6.3928310620307e+00
      15      1  1  1         15              9          0.0000000000000e+00
      16      1  1  2         16              10        -1.7591677869580e+01
      17      1  2  1         16              10        -1.7591677869580e+01
      18      1  1  3         18              11         1.3988643558577e+01
      19      1  3  1         18              11         1.3988643558577e+01
      20      1  2  2         20              12         0.0000000000000e+00
      21      1  2  3         21              13        -2.6754565201972e+00
      22      1  3  2         21              13        -2.6754565201972e+00
      23      1  3  3         23              14         1.2230130282201e+01
      24      2  0  1         24              15         1.7099326569824e+00
      25      2  1  0         24              15         1.7099326569824e+00
      26      2  0  2         26              16         8.6412428017495e+00
      27      2  2  0         26              16         8.6412428017495e+00
      28      2  0  3         28              17         9.4744361367441e+00
      29      2  3  0         28              17         9.4744361367441e+00
      30      2  1  1         30              18         0.0000000000000e+00
      31      2  1  2         31              19        -6.3977989439616e+00
      32      2  2  1         31              19        -6.3977989439616e+00
      33      2  1  3         33              20         1.1744499231900e+01
      34      2  3  1         33              20         1.1744499231900e+01
      35      2  2  2         35              21         0.0000000000000e+00
      36      2  2  3         36              22        -1.6408899456115e+00
      37      2  3  2         36              22        -1.6408899456115e+00
      38      2  3  3         38              23         6.7464947039468e+00
      39      3  0  1         39              24         0.0000000000000e+00
      40      3  1  0         39              24         0.0000000000000e+00
      41      3  0  2         41              25         4.9329203103047e+00
      42      3  2  0         41              25         4.9329203103047e+00
      43      3  0  3         43              26         4.1689472065853e+00
      44      3  3  0         43              26         4.1689472065853e+00
      45      3  1  1         45              27         3.7206397725378e+00
      46      3  1  2         46              28        -6.4510711204928e+00
      47      3  2  1         46              28        -6.4510711204928e+00
      48      3  1  3         48              29         0.0000000000000e+00
      49      3  3  1         48              29         0.0000000000000e+00
      50      3  2  2         50              30        -4.2702564746725e+00
      51      3  2  3         51              31        -9.2506343268243e+00
      52      3  3  2         51              31        -9.2506343268243e+00
      53      3  3  3         53              32        -9.6130882674169e+00

TRIPLETTYPE PARAMS:
   INDEX: 4 ATOMS: C Cu S
   PAIRS: CCu SC SCu UNIQUE: 54 TOTAL: 54
     index  |  powers  |  equiv index  |  param index  |       parameter
   ----------------------------------------------------------------------------
      0       0  1  1         0               0          0.0000000000000e+00
      1       0  1  2         1               1         -1.0459688745925e+01
      2       0  1  3         2               2         -6.6777684421401e+00
      3       0  2  1         3               3          0.0000000000000e+00
      4       0  2  2         4               4          0.0000000000000e+00
      5       0  2  3         5               5         -3.7183407025000e+00
      6       0  3  1         6               6          0.0000000000000e+00
      7       0  3  2         7               7          0.0000000000000e+00
      8       0  3  3         8               8          0.0000000000000e+00
      9       1  0  1         9               9          0.0000000000000e+00
      10      1  0  2         10              10         7.8548166521065e+00
      11      1  0  3         11              11         1.1810624387459e+01
      12      1  1  0         12              12        -5.1947673527811e+00
      13      1  1  1         13              13         0.0000000000000e+00
      14      1  1  2         14              14         0.0000000000000e+00
      15      1  1  3         15              15         0.0000000000000e+00
      16      1  2  0         16              16         7.6296820676159e+00
      17      1  2  1         17              17         0.0000000000000e+00
      18      1  2  2         18              18         7.9652774122985e+00
      19      1  2  3         19              19         0.0000000000000e+00
      20      1  3  0         20              20         5.6095360534181e-02
      21      1  3  1         21              21         0.0000000000000e+00
      22      1  3  2         22              22         1.1407196203021e+00
      23      1  3  3         23              23        -2.2729571603344e-01
      24      2  0  1         24              24        -9.8579459141165e+00
      25      2  0  2         25              25         1.9529062784635e+00
      26      2  0  3         26              26        -1.3306877074321e+00
      27      2  1  0         27              27         0.0000000000000e+00
      28      2  1  1         28              28         2.1380532327093e+00
      29      2  1  2         29              29        -4.1491372635623e+00
      30      2  1  3         30              30         0.0000000000000e+00
      31      2  2  0         31              31        -3.2929645498157e+00
      32      2  2  1         32              32         0.0000000000000e+00
      33      2  2  2         33              33         0.0000000000000e+00
      34      2  2  3         34              34         3.8897675807493e+00
      35      2  3  0         35              35        -3.9673459145264e+00
      36      2  3  1         36              36         8.4785919680269e+00
      37      2  3  2         37              37         0.0000000000000e+00
      38      2  3  3         38              38         8.7661112191157e+00
      39      3  0  1         39              39        -5.0334753782710e+00
      40      3  0  2         40              40         0.0000000000000e+00
      41      3  0  3         41              41         0.0000000000000e+00
      42      3  1  0         42              42         9.1561853978756e-01
      43      3  1  1         43              43         0.0000000000000e+00
      44      3  1  2         44              44        -2.6667654534810e+00
      45      3  1  3         45              45        -4.2726197940871e+00
      46      3  2  0         46              46         0.0000000000000e+00
      47      3  2  1         47              47         0.0000000000000e+00
      48      3  2  2         48              48        -4.8634521178604e+00
      49      3  2  3         49              49        -1.5677581642505e+00
      50      3  3  0         50              50        -5.6856255501004e+00
      51      3  3  1         51              51         0.0000000000000e+00
      52      3  3  2         52              52        -6.2616788732072e+00
      53      3  3  3         53              53         0.0000000000000e+00

TRIPLETTYPE PARAMS:
   INDEX: 5 ATOMS: Cu Cu S
   PAIRS: CuCu SCu SCu UNIQUE: 33 TOTAL: 54
     index  |  powers  |  equiv index  |  param index  |       parameter
   ----------------------------------------------------------------------------
      0       0  1  1         0               0          0.0000000000000e+00
      1       0  1  2         1               1          0.0000000000000e+00
      2       0  2  1         1               1          0.0000000000000e+00
      3       0  1  3         3               2          0.0000000000000e+00
      4       0  3  1         3               2          0.0000000000000e+00
      5       0  2  2         5               3          1.3898033568506e+00
      6       0  2  3         6               4          0.0000000000000e+00
      7       0  3  2         6               4          0.0000000000000e+00
      8       0  3  3         8               5          2.3402259368249e+00
      9       1  0  1         9               6         -3.3362585673070e+00
      10      1  1  0         9               6         -3.3362585673070e+00
      11      1  0  2         11              7          5.2186418445409e+00
      12      1  2  0         11              7          5.2186418445409e+00
      13      1  0  3         13              8          6.2843370004028e+00
      14      1  3  0         13              8          6.2843370004028e+00
      15      1  1  1         15              9          0.0000000000000e+00
      16      1  1  2         16              10         0.0000000000000e+00
      17      1  2  1         16              10         0.0000000000000e+00
      18      1  1  3         18              11         0.0000000000000e+00
      19      1  3  1         18              11         0.0000000000000e+00
      20      1  2  2         20              12         0.0000000000000e+00
      21      1  2  3         21              13        -2.1065314490014e+00
      22      1  3  2         21              13        -2.1065314490014e+00
      23      1  3  3         23              14         0.0000000000000e+00
      24      2  0  1         24              15         0.0000000000000e+00
      25      2  1  0         24              15         0.0000000000000e+00
      26      2  0  2         26              16         1.1063480459707e+00
      27      2  2  0         26              16         1.1063480459707e+00
      28      2  0  3         28              17         3.5369894616344e+00
      29      2  3  0         28              17         3.5369894616344e+00
      30      2  1  1         30              18         0.0000000000000e+00
      31      2  1  2         31              19        -2.8845181413786e+00
      32      2  2  1         31              19        -2.8845181413786e+00
      33      2  1  3         33              20         0.0000000000000e+00
      34      2  3  1         33              20         0.0000000000000e+00
      35      2  2  2         35              21         0.0000000000000e+00
      36      2  2  3         36              22         8.5512449606435e-02
      37      2  3  2         36              22         8.5512449606435e-02
      38      2  3  3         38              23         0.0000000000000e+00
      39      3  0  1         39              24         2.5763863787867e+00
      40      3  1  0         39              24         2.5763863787867e+00
      41      3  0  2         41              25         2.5850766184609e+00
      42      3  2  0         41              25         2.5850766184609e+00
      43      3  0  3         43              26         4.9502639678175e+00
      44      3  3  0         43              26         4.9502639678175e+00
      45      3  1  1         45              27         0.0000000000000e+00
      46      3  1  2         46              28         0.0000000000000e+00
      47      3  2  1         46              28         0.0000000000000e+00
      48      3  1  3         48              29         0.0000000000000e+00
      49      3  3  1         48              29         0.0000000000000e+00
      50      3  2  2         50              30        -7.1474206444952e-01
      51      3  2  3         51              31         0.0000000000000e+00
      52      3  3  2         51              31         0.0000000000000e+00
      53      3  3  3         53              32        -1.3467318658513e+00

TRIPLETTYPE PARAMS:
   INDEX: 6 ATOMS: C C C
   PAIRS: CC CC CC UNIQUE: 16 TOTAL: 54
     index  |  powers  |  equiv index  |  param index  |       parameter
   ----------------------------------------------------------------------------
      0       0  1  1         0               0         -2.3553902706761e+00
      1       1  0  1         0               0         -2.3553902706761e+00
      2       1  1  0         0               0         -2.3553902706761e+00
      3       0  1  2         3               1          2.1432664189466e+00
      4       1  0  2         3               1          2.1432664189466e+00
      5       0  2  1         3               1          2.1432664189466e+00
      6       2  0  1         3               1          2.1432664189466e+00
      7       1  2  0         3               1          2.1432664189466e+00
      8       2  1  0         3               1          2.1432664189466e+00
      9       0  1  3         9               2          3.5793231531512e+00
      10      1  0  3         9               2          3.5793231531512e+00
      11      0  3  1         9               2          3.5793231531512e+00
      12      3  0  1         9               2          3.5793231531512e+00
      13      1  3  0         9               2          3.5793231531512e+00
      14      3  1  0         9               2          3.5793231531512e+00
      15      0  2  2         15              3          8.9209875244307e-01
      16      2  0  2         15              3          8.9209875244307e-01
      17      2  2  0         15              3          8.9209875244307e-01
      18      0  2  3         18              4          2.5067903973300e+00
      19      2  0  3         18              4          2.5067903973300e+00
      20      0  3  2         18              4          2.5067903973300e+00
      21      3  0  2         18              4          2.5067903973300e+00
      22      2  3  0         18              4          2.5067903973300e+00
      23      3  2  0         18              4          2.5067903973300e+00
      24      0  3  3         24              5          6.5767152918429e+00
      25      3  0  3         24              5          6.5767152918429e+00
      26      3  3  0         24              5          6.5767152918429e+00
      27      1  1  1         27              6          1.2372983504319e+00
      28      1  1  2         28              7          0.0000000000000e+00
      29      1  2  1         28              7          0.0000000000000e+00
      30      2  1  1         28              7          0.0000000000000e+00
      31      1  1  3         31              8          1.2247446134663e+01
      32      1  3  1         31              8          1.2247446134663e+01
      33      3  1  1         31              8          1.2247446134663e+01
      34      1  2  2         34              9         -1.0910344078112e+01
      35      2  1  2         34              9         -1.0910344078112e+01
      36      2  2  1         34              9         -1.0910344078112e+01
      37      1  2  3         37              10        -9.8343810243410e-01
      38      2  1  3         37              10        -9.8343810243410e-01
      39      1  3  2         37              10        -9.8343810243410e-01
      40      3  1  2         37              10        -9.8343810243410e-01
      41      2  3  1         37              10        -9.8343810243410e-01
      42      3  2  1         37              10        -9.8343810243410e-01
      43      1  3  3         43              11         5.7431322423540e+00
      44      3  1  3         43              11         5.7431322423540e+00
      45      3  3  1         43              11         5.7431322423540e+00
      46      2  2  2         46              12        -2.2938574924651e+01
      47      2  2  3         47              13        -1.0927234302481e+01
      48      2  3  2         47              13        -1.0927234302481e+01
      49      3  2  2         47              13        -1.0927234302481e+01
      50      2  3  3         50              14        -3.3118161148865e+00
      51      3  2  3         50              14        -3.3118161148865e+00
      52      3  3  2         50              14        -3.3118161148865e+00
      53      3  3  3         53              15        -7.0761696512971e+00

TRIPLETTYPE PARAMS:
   INDEX: 7 ATOMS: C C Cu
   PAIRS: CC CCu CCu UNIQUE: 33 TOTAL: 54
     index  |  powers  |  equiv index  |  param index  |       parameter
   ----------------------------------------------------------------------------
      0       0  1  1         0               0         -3.9080004338811e+00
      1       0  1  2         1               1          0.0000000000000e+00
      2       0  2  1         1               1          0.0000000000000e+00
      3       0  1  3         3               2          0.0000000000000e+00
      4       0  3  1         3               2          0.0000000000000e+00
      5       0  2  2         5               3          9.5025071577674e-01
      6       0  2  3         6               4          2.1299110170555e+00
      7       0  3  2         6               4          2.1299110170555e+00
      8       0  3  3         8               5          2.9483779173265e+00
      9       1  0  1         9               6          4.7883132675384e+00
      10      1  1  0         9               6          4.7883132675384e+00
      11      1  0  2         11              7          5.6226956980706e-01
      12      1  2  0         11              7          5.6226956980706e-01
      13      1  0  3         13              8          0.0000000000000e+00
      14      1  3  0         13              8          0.0000000000000e+00
      15      1  1  1         15              9          0.0000000000000e+00
      16      1  1  2         16              10        -2.1345812953639e+00
      17      1  2  1         16              10        -2.1345812953639e+00
      18      1  1  3         18              11         0.0000000000000e+00
      19      1  3  1         18              11         0.0000000000000e+00
      20      1  2  2         20              12         0.0000000000000e+00
      21      1  2  3         21              13         0.0000000000000e+00
      22      1  3  2         21              13         0.0000000000000e+00
      23      1  3  3         23              14         2.8853354496681e+00
      24      2  0  1         24              15         5.5791363946226e+00
      25      2  1  0         24              15         5.5791363946226e+00
      26      2  0  2         26              16         4.2713938580429e-01
      27      2  2  0         26              16         4.2713938580429e-01
      28      2  0  3         28              17         2.3551215144723e+00
      29      2  3  0         28              17         2.3551215144723e+00
      30      2  1  1         30              18         0.0000000000000e+00
      31      2  1  2         31              19        -3.7002798955793e+00
      32      2  2  1         31              19        -3.7002798955793e+00
      33      2  1  3         33              20         0.0000000000000e+00
      34      2  3  1         33              20         0.0000000000000e+00
      35      2  2  2         35              21         0.0000000000000e+00
      36      2  2  3         36              22        -9.2426447714850e-01
      37      2  3  2         36              22        -9.2426447714850e-01
      38      2  3  3         38              23         0.0000000000000e+00
      39      3  0  1         39              24         0.0000000000000e+00
      40      3  1  0         39              24         0.0000000000000e+00
      41      3  0  2         41              25         2.1173288189743e+00
      42      3  2  0         41              25         2.1173288189743e+00
      43      3  0  3         43              26         0.0000000000000e+00
      44      3  3  0         43              26         0.0000000000000e+00
      45      3  1  1         45              27         0.0000000000000e+00
      46      3  1  2         46              28        -4.2562180014913e+00
      47      3  2  1         46              28        -4.2562180014913e+00
      48      3  1  3         48              29         0.0000000000000e+00
      49      3  3  1         48              29         0.0000000000000e+00
      50      3  2  2         50              30         0.0000000000000e+00
      51      3  2  3         51              31        -3.4132341573678e+00
      52      3  3  2         51              31        -3.4132341573678e+00
      53      3  3  3         53              32        -1.0374237178360e+00

TRIPLETTYPE PARAMS:
   INDEX: 8 ATOMS: C Cu Cu
   PAIRS: CCu CCu CuCu UNIQUE: 33 TOTAL: 54
     index  |  powers  |  equiv index  |  param index  |       parameter
   ----------------------------------------------------------------------------
      0       0  1  1         0               0          0.0000000000000e+00
      1       1  0  1         0               0          0.0000000000000e+00
      2       0  1  2         2               1          0.0000000000000e+00
      3       1  0  2         2               1          0.0000000000000e+00
      4       0  1  3         4               2         -9.3721068284389e-01
      5       1  0  3         4               2         -9.3721068284389e-01
      6       0  2  1         6               3          6.2138890441110e+00
      7       2  0  1         6               3          6.2138890441110e+00
      8       0  2  2         8               4          0.0000000000000e+00
      9       2  0  2         8               4          0.0000000000000e+00
      10      0  2  3         10              5          9.1868403859904e-01
      11      2  0  3         10              5          9.1868403859904e-01
      12      0  3  1         12              6          1.3838005702978e+00
      13      3  0  1         12              6          1.3838005702978e+00
      14      0  3  2         14              7          2.1351720933792e-01
      15      3  0  2         14              7          2.1351720933792e-01
      16      0  3  3         16              8          0.0000000000000e+00
      17      3  0  3         16              8          0.0000000000000e+00
      18      1  1  0         18              9          0.0000000000000e+00
      19      1  1  1         19              10         0.0000000000000e+00
      20      1  1  2         20              11         0.0000000000000e+00
      21      1  1  3         21              12         0.0000000000000e+00
      22      1  2  0         22              13         0.0000000000000e+00
      23      2  1  0         22              13         0.0000000000000e+00
      24      1  2  1         24              14         0.0000000000000e+00
      25      2  1  1         24              14         0.0000000000000e+00
      26      1  2  2         26              15         0.0000000000000e+00
      27      2  1  2         26              15         0.0000000000000e+00
      28      1  2  3         28              16         0.0000000000000e+00
      29      2  1  3         28              16         0.0000000000000e+00
      30      1  3  0         30              17         1.0972519846460e+00
      31      3  1  0         30              17         1.0972519846460e+00
      32      1  3  1         32              18         0.0000000000000e+00
      33      3  1  1         32              18         0.0000000000000e+00
      34      1  3  2         34              19         0.0000000000000e+00
      35      3  1  2         34              19         0.0000000000000e+00
      36      1  3  3         36              20        -7.4844240802723e-01
      37      3  1  3         36              20        -7.4844240802723e-01
      38      2  2  0         38              21         5.2384238284404e-01
      39      2  2  1         39              22         0.0000000000000e+00
      40      2  2  2         40              23         0.0000000000000e+00
      41      2  2  3         41              24         0.0000000000000e+00
      42      2  3  0         42              25         0.0000000000000e+00
      43      3  2  0         42              25         0.0000000000000e+00
      44      2  3  1         44              26         0.0000000000000e+00
      45      3  2  1         44              26         0.0000000000000e+00
      46      2  3  2         46              27         0.0000000000000e+00
      47      3  2  2         46              27         0.0000000000000e+00
      48      2  3  3         48              28         4.4971153570662e-01
      49      3  2  3         48              28         4.4971153570662e-01
      50      3  3  0         50              29        -1.9093543420810e-01
      51      3  3  1         51              30         0.0000000000000e+00
      52      3  3  2         52              31         0.0000000000000e+00
      53      3  3  3         53              32         0.0000000000000e+00

TRIPLETTYPE PARAMS:
   INDEX: 9 ATOMS: Cu Cu Cu
   PAIRS: CuCu CuCu CuCu UNIQUE: 16 TOTAL: 54
     index  |  powers  |  equiv index  |  param index  |       parameter
   ----------------------------------------------------------------------------
      0       0  1  1         0               0          0.0000000000000e+00
      1       1  0  1         0               0          0.0000000000000e+00
      2       1  1  0         0               0          0.0000000000000e+00
      3       0  1  2         3               1          0.0000000000000e+00
      4       1  0  2         3               1          0.0000000000000e+00
      5       0  2  1         3               1          0.0000000000000e+00
      6       2  0  1         3               1          0.0000000000000e+00
      7       1  2  0         3               1          0.0000000000000e+00
      8       2  1  0         3               1          0.0000000000000e+00
      9       0  1  3         9               2          5.7184859543494e-01
      10      1  0  3         9               2          5.7184859543494e-01
      11      0  3  1         9               2          5.7184859543494e-01
      12      3  0  1         9               2          5.7184859543494e-01
      13      1  3  0         9               2          5.7184859543494e-01
      14      3  1  0         9               2          5.7184859543494e-01
      15      0  2  2         15              3          0.0000000000000e+00
      16      2  0  2         15              3          0.0000000000000e+00
      17      2  2  0         15              3          0.0000000000000e+00
      18      0  2  3         18              4         -3.3908201314420e-01
      19      2  0  3         18              4         -3.3908201314420e-01
      20      0  3  2         18              4         -3.3908201314420e-01
      21      3  0  2         18              4         -3.3908201314420e-01
      22      2  3  0         18              4         -3.3908201314420e-01
      23      3  2  0         18              4         -3.3908201314420e-01
      24      0  3  3         24              5          0.0000000000000e+00
      25      3  0  3         24              5          0.0000000000000e+00
      26      3  3  0         24              5          0.0000000000000e+00
      27      1  1  1         27              6          0.0000000000000e+00
      28      1  1  2         28              7          0.0000000000000e+00
      29      1  2  1         28              7          0.0000000000000e+00
      30      2  1  1         28              7          0.0000000000000e+00
      31      1  1  3         31              8          0.0000000000000e+00
      32      1  3  1         31              8          0.0000000000000e+00
      33      3  1  1         31              8          0.0000000000000e+00
      34      1  2  2         34              9          0.0000000000000e+00
      35      2  1  2         34              9          0.0000000000000e+00
      36      2  2  1         34              9          0.0000000000000e+00
      37      1  2  3         37              10         0.0000000000000e+00
      38      2  1  3         37              10         0.0000000000000e+00
      39      1  3  2         37              10         0.0000000000000e+00
      40      3  1  2         37              10         0.0000000000000e+00
      41      2  3  1         37              10         0.0000000000000e+00
      42      3  2  1         37              10         0.0000000000000e+00
      43      1  3  3         43              11         0.0000000000000e+00
      44      3  1  3         43              11         0.0000000000000e+00
      45      3  3  1         43              11         0.0000000000000e+00
      46      2  2  2         46              12         0.0000000000000e+00
      47      2  2  3         47              13         0.0000000000000e+00
      48      2  3  2         47              13         0.0000000000000e+00
      49      3  2  2         47              13         0.0000000000000e+00
      50      2  3  3         50              14         0.0000000000000e+00
      51      3  2  3         50              14         0.0000000000000e+00
      52      3  3  2         50              14         0.0000000000000e+00
      53      3  3  3         53              15         0.0000000000000e+00

QUADRUPLET CHEBYSHEV PARAMS


PAIRMAPS: 9
1 CC
5 CCu
3 CS
5 CuC
2 CuCu
4 CuS
3 SC
4 SCu
0 SS

TRIPMAPS: 27
6 CCCCCC
7 CCCCuCCu
3 CCSCSC
7 CCuCCCCu
7 CCuCCuCC
8 CCuCCuCuCu
8 CCuCuCuCCu
4 CCuSCSCu
4 CCuSCuSC
8 CuCuCCuCCu
9 CuCuCuCuCuCu
5 CuCuSCuSCu
3 SCCCSC
4 SCCCuSCu
3 SCSCCC
1 SCSCSS
4 SCSCuCCu
1 SCSSSC
4 SCuCCuSC
5 SCuCuCuSCu
4 SCuSCCCu
5 SCuSCuCuCu
2 SCuSCuSS
2 SCuSSSCu
1 SSSCSC
2 SSSCuSCu
0 SSSSSS

NO ENERGY OFFSETS:  3
ENERGY OFFSET 1  -1.3574240799499e+02
ENERGY OFFSET 2  -1.4599042436049e+02
ENERGY OFFSET 3   0.0000000000000e+00
ENDFILE
